

#masPlay

0, -1, -1, -1, 1, -1, -1, 2, 2, -1
0, -1, 1, -1, -1, -1, -1, -1, -1, -1
0, -1, -2, -2, -2, -2, -2, 0, -1, 2
0, 0, 5, 17, 17, 17, 5, 0, -1, 2
0, -1, -2, 5, -2, -2, -2, 0, -1, -1
-1, -1, 4, -1, -1, 1, -1, 0, 0, 0
3, -1, 4, -1, -1, -1, -1, 0, 0, 0
3, 6, 4, -1, 0, 0, -1, -1, -1, 0
3, -1, 4, -1, -1, -1, -1, 2, -1, 0
-1, -1, -1, -1, 1, -1, -1, 2, -1, 0


#masOrientational

2, 2, 2, 2, 0, 2, 2, 1, 2, 2
2, 2, 1, 2, 2, 2, 2, 2, 2, 2
2, 2, 2, 2, 2, 2, 2, 2, 2, 0
2, 2, 2, 1, 2, 2, 2, 2, 2, 2
2, 2, 2, 2, 2, 2, 2, 2, 2, 2
2, 2, 0, 2, 2, 1, 2, 2, 2, 2
0, 2, 2, 2, 2, 2, 2, 2, 2, 2
2, 2, 2, 2, 2, 2, 2, 2, 2, 2
2, 2, 2, 2, 2, 2, 2, 0, 2, 2
2, 2, 2, 2, 0, 2, 2, 2, 2, 2


#masComp

0, 0, -1, 2, -1, 0, -1, 1, -1, 0
-1, -1, -1, 2, -1, 0, -1, -1, -1, -1
-1, 1, -1, -1, -1, 0, 0, -1, 10, -1
-1, -1, -1, -1, 6, -1, -1, -1, 3, -1
-1, 2, 2, -1, -1, 4, 6, -1, 3, -1
-1, -1, -1, 6, -1, 4, -1, -1, -1, -1
-1, 2, 2, -1, -1, 4, -1, -1, 1, -1
-1, -1, -1, -1, -1, 4, -1, 6, -1, -1
0, 0, -1, -1, -1, -1, -1, 3, 3, 3
0, 0, -1, 1, -1, 0, -1, -1, -1, -1


#P1

0


#P2

0


#P3

0


#P4

0


#C1

0


#C2

0


#C3

1


#C4

0


#countPlayerMove

5


#countComputerMove

7


#myMove

true


#computerMove

false
